min_avg_dist:  0.03412966901959425 , n_random_starts: 100

Cluster: 1 ; n_gestures:  1 ;
Gestures:  [577]

Cluster: 2 ; n_gestures:  21 ;
Gestures:  [14, 17, 19, 20, 22, 23, 24, 25, 26, 270, 272, 28, 29, 30, 31, 570, 581, 583, 585, 587, 8]

Cluster: 3 ; n_gestures:  1 ;
Gestures:  [15]

Cluster: 4 ; n_gestures:  70 ;
Gestures:  [1, 10, 11, 12, 13, 16, 18, 2, 21, 249, 250, 251, 252, 253, 254, 255, 256, 257, 258, 259, 260, 261, 262, 263, 264, 265, 266, 267, 268, 269, 27, 271, 273, 274, 275, 276, 277, 278, 279, 3, 4, 5, 559, 560, 561, 562, 563, 564, 565, 566, 567, 568, 569, 571, 572, 573, 574, 575, 576, 578, 579, 580, 582, 584, 586, 588, 589, 6, 7, 9]
