min_avg_dist:  0.0033079055686366576 , n_random_starts: 100

Cluster: 1 ; n_gestures:  3 ;
Gestures:  [17, 28, 23]

Cluster: 2 ; n_gestures:  1 ;
Gestures:  [27]

Cluster: 3 ; n_gestures:  1 ;
Gestures:  [15]

Cluster: 4 ; n_gestures:  88 ;
Gestures:  [1, 10, 11, 12, 13, 14, 16, 18, 19, 2, 20, 21, 22, 24, 249, 25, 250, 251, 252, 253, 254, 255, 256, 257, 258, 259, 26, 260, 261, 262, 263, 264, 265, 266, 267, 268, 269,
270, 271, 272, 273, 274, 275, 276, 277, 278, 279, 29, 3, 30, 31, 4, 5, 559, 560, 561, 562, 563, 564, 565, 566, 567, 568, 569, 570, 571, 572, 573, 574, 575, 576, 577, 578, 579, 580, 581, 582, 583, 584, 585, 586, 587, 588, 589, 6, 7, 8, 9]
